0.0737988 3383 1
0.130892 3277 1
0.267693 3177 1
1.023 3172 1
1.03874 3171 1
1.04509 3167 1
1.04641 3161 1
1.04775 3159 1
1.0508 3157 1
1.05198 3156 1
1.06456 3151 1
1.09956 3146 1
1.10537 3139 1
1.16509 3134 1
1.17741 3079 1
1.20235 3061 1
1.20906 3059 1
1.21067 3055 1
1.21191 3054 1
1.22676 3053 1
1.22814 3050 1
1.22987 3045 1
1.23304 3026 1
1.24973 3021 1
1.27013 3019 1
1.2714 3015 1
1.27255 3014 1
1.29587 3006 1
1.29799 2997 1
1.30252 2994 1
1.31852 2990 1
1.31969 2986 1
1.32628 2985 1
1.32744 2984 1
1.32868 2982 1
1.33006 2981 1
1.33135 2977 1
1.33259 2973 1
1.37241 2971 1
1.37353 2970 1
1.38976 2969 1
1.39378 2968 1
1.39718 2967 1
1.39857 2962 1
1.40333 2959 1
1.41305 2952 1
1.41421 2951 1
1.41533 2945 1
1.41663 2938 1
1.42314 2932 1
1.43448 2925 1
1.46878 2917 1
1.46992 2910 1
1.58535 2896 1
1.61353 2893 1
1.61644 2888 1
1.63462 2884 1
1.63577 2880 1
1.63689 2879 1
1.638 2877 1
1.66659 2876 1
1.6677 2875 1
1.66881 2874 1
1.66993 2865 1
1.73801 2863 1
1.74279 2861 1
1.75652 2858 1
1.76399 2857 1
1.8318 2850 1
2.08418 2846 1
2.13224 2843 1
2.1908 2838 1
2.4947 2829 1
3.10858 2825 1
3.11746 2823 1
3.23251 2819 1
3.23724 2815 1
3.25401 2810 1
3.40712 2809 1
3.76277 2802 1
4.24468 2780 1
4.35092 2779 1
4.96184 2777 1
7.35619 2768 1
7.35736 2766 1
7.35845 2764 1
7.35954 2761 1
7.39501 2759 1
7.48669 2757 1
7.63122 2752 1
7.95755 2750 1
8.6864 2747 1
9.33243 2741 1
9.75314 2736 1
9.8663 2734 1
10.7035 2729 1
10.7943 2728 1
10.9532 2725 1
13.0806 2720 1
13.7572 2719 1
17.3802 2715 1
